Alabama 155 117 30 34 58 35 66 27 26 33 16 16
Alaska 105 84 34 31 47 23 43 15 12 14 10 8
Arizona 447 385 126 165 238 124 226 135 127 122 83 91
Arkansas 171 138 59 49 64 15 63 36 34 29 10 13
California 1,734 1,552 330 649 986 496 966 526 582 503 250 342
Colorado 393 358 133 157 234 109 210 125 101 80 43 51
Connecticut 210 189 47 82 138 57 136 57 59 44 22 24
Delaware 49 40 13 23 26 21 23 16 12 12 7 9
DC 28 24 3 9 18 10 18 12 15 9 6 6
Florida 712 614 150 235 387 211 372 223 213 246 157 177
Georgia 348 282 72 112 170 90 158 82 89 100 53 57
Hawaii 161 153 105 29 43 25 43 27 28 25 21 20
Idaho 110 102 50 40 78 39 74 28 25 31 24 22
Illinois 713 597 180 215 287 124 295 158 141 127 73 91
Indiana 416 299 91 119 186 81 169 59 61 62 35 42
Iowa 185 155 71 49 72 32 64 33 24 21 17 19
Kansas 170 127 57 42 69 36 58 32 28 26 16 24
Kentucky 477 419 98 141 225 145 208 87 91 88 61 67
Louisiana 155 135 33 44 84 43 73 29 42 41 30 33
Maine 196 147 28 44 65 40 59 37 34 36 26 27
Maryland 432 375 90 176 243 118 248 140 128 105 71 71
Massachusetts 440 360 57 150 223 155 220 118 120 108 63 74
Michigan 455 354 86 120 234 119 235 116 107 115 56 62
Minnesota 401 341 77 83 174 78 179 76 81 54 31 36
Mississippi 105 90 17 32 52 28 49 28 22 24 17 16
Missouri 278 230 49 60 121 45 108 42 35 43 27 25
Montana 129 107 50 31 49 23 44 22 22 27 21 16
Nebraska 123 82 24 27 45 15 44 25 19 19 13 13
Nevada 109 100 36 43 65 45 59 43 44 43 30 31
New_Hampshire 109 80 14 28 57 36 57 20 33 36 18 19
New_Jersey 383 341 109 166 248 131 232 145 131 124 80 93
New_Mexico 162 137 56 68 88 53 93 57 58 55 39 44
New_York 894 802 231 322 586 206 601 245 230 195 93 98
North_Carolina 611 467 125 219 303 205 287 186 185 174 112 138
North_Dakota 87 65 23 20 24 9 21 4 4 6 4 4
Ohio 619 495 133 168 296 139 280 109 114 107 61 64
Oklahoma 195 157 57 60 118 59 110 54 55 59 35 42
Oregon 247 236 70 80 144 58 132 47 51 43 24 21
Pennsylvania 604 543 140 191 332 152 309 133 133 118 69 65
Puerto_Rico 101 91 22 59 41 23 76 62 35 38 18 28
Rhode_Island 63 59 5 18 34 24 31 19 14 16 9 8
South_Carolina 124 97 44 31 59 36 51 23 14 15 10 10
South_Dakota 58 53 25 24 25 14 24 9 9 13 7 9
Tennessee 311 252 58 80 124 84 119 62 60 62 38 43
Texas 509 430 133 151 263 146 252 130 125 133 74 88
Utah 333 302 91 132 190 91 196 110 117 99 74 89
Vermont 52 45 14 17 21 18 23 12 6 8 5 3
Virginia 249 200 56 72 133 89 125 48 49 50 34 37
Washington 457 347 124 110 184 91 163 65 69 66 41 42
West_Virginia 126 99 17 25 48 30 46 20 27 29 15 14
Wisconsin 295 195 54 58 110 48 96 43 42 38 21 26
Wyoming 60 44 18 19 26 14 27 16 17 18 13 13